3006982463231713681 11 13 17 19 23 29 47 53 61 71 83 109
4245405387307010641 11 13 17 19 23 31 41 47 61 73 83 181
4572297878063922721 11 13 17 19 23 29 41 47 53 71 97 211
5708698872822872641 11 13 17 19 23 29 31 41 47 61 211 241
7995680514871736401 11 13 17 19 23 29 31 47 71 83 167 181
11282152046853427201 7 11 17 19 23 31 41 47 53 127 181 271
11631612759727927681 11 13 17 19 23 29 31 41 61 71 107 641
13599898167266497801 11 13 17 19 23 29 31 41 61 83 181 379
13627132677342230761 11 13 17 19 23 29 31 41 53 107 109 563
17390270930192647201 11 13 17 19 23 47 53 61 71 83 101 181
